40001 2024 80.2 18.8 33.9 22
40002 1425 38.4 9.3 14.6 11.6
40003 2354 89.5 25.3 32.9 24.9
40006 2035 60.9 16.7 28.1 10.2
40008 1900 83 20.3 33 23.9
40009 1359 39.5 11.8 14.9 9.3
40010 2386 98.8 9 35.7 46
40011 1795 64.2 16.8 22.6 20.4
40012 2879 113.6 20 43.7 42.3
40013 1749 67.9 18.1 24.4 21.1
40014 2086 95.9 19.4 35.7 33.7
40015 2111 78.4 17.5 27.5 28.1
40016 2138 70.8 14.2 25.7 26.2
40017 2838 100.5 23.3 38.1 32.9
40018 2638 73 20 25.2 22.3
40019 2280 43.1 13 14.8 11.1
40020 2100 100 27.3 34.1 32
40021 2430 93.5 17.4 36 33.9
40022 1871 60.6 15.3 21.9 19
40023 1721 67.7 17.2 26.8 19.3
40024 1155 32.9 6.4 11.1 12.6
40025 1938 72.7 15.1 27.4 25.6
40026 2399 88.7 23.9 34.1 24.9
40027 2049 91.1 24.5 42.3 18.3
40028 1624 55.1 6 17.6 26.9
40029 2199 75.1 21.5 30.1 18.5
40030 1376 59.6 13.5 19.5 22.7
40031 1924 40.2 10.1 15.9 10.9
40032 3171 140 40.3 49.6 41.7
40033 2769 108.9 27.7 43.7 30.3
40034 1881 56.5 15.5 18.3 18.7
40035 1542 50.4 10.9 17.5 18.4
40036 2640 121.3 34.4 42.9 36.2
40037 984 41.5 10.1 14.1 14
40038 1567 26.7 8.9 8.8 6.1
40039 2413 103.8 19.2 33.5 44.8
40040 2228 73.7 16.8 23.9 28.4
40041 1794 72.7 17 28.7 22.3
40042 2815 92.5 24.4 36.8 25.5
40043 1770 68.1 14.8 26.6 22
40044 1889 70 13.4 22.4 29.7
40046 1363 45.3 14.3 15.2 12.3
40047 1804 48.6 10.6 17.5 16.5
40048 2001 70.2 19.9 24.4 21.1
40050 1950 85.4 14.5 31.8 32.3
40051 2585 107.2 24.8 37.5 37.9
40052 2032 80.4 13.6 30.7 30.1
40053 1297 43.6 11.3 17.2 11.7
40054 1468 56.8 12.3 19.4 20.6
40056 1971 87.5 18.7 30.4 32.7
40057 1519 41 14 13.8 9.4
40058 2019 92.9 23.7 33.4 29.7
40060 1275 35.5 10.7 12.1 9.9
40061 1676 49.1 11.6 19.4 14.1
40062 2525 105.3 30.8 39 28.5
40065 2139 79.8 10 29.9 34.7
40066 2037 45.3 11.5 17.1 12.8
40067 1353 42.1 9.7 14.7 13.6
40068 1354 50.9 13.9 18.4 15.2
40069 2637 113 22.4 40.4 41.9
40071 902 28.9 7.9 11.6 7.1
40072 1609 50.4 10.7 18.4 17.4
40073 2385 63.8 15.3 24.3 19.2
40074 2872 96.1 32.2 37.6 18.6
40075 2027 79.7 25.8 26.8 21.9
40076 2599 96.7 22.9 32.8 34.8
40077 1125 42.3 8.7 17.6 13
40079 1148 29.9 6.4 10.3 10.9
40080 1198 26.4 6.9 8.7 8.6
40081 1358 44.1 8.5 18.3 13.6
40083 3105 130.6 24.2 48.2 48.9
40084 1975 82.2 16 29.7 30.8
40085 3952 110.4 23.2 37.7 40.5
40087 1586 57 13.7 21.4 18.6
40088 2069 81.3 20.6 32.4 23.2
40089 969 9.7 2.2 3.4 2.7
40090 1436 39.3 7.7 14.6 13.7
40092 1845 53 10.4 19.5 18
40093 1856 63 18.6 24.1 16
40094 1469 30.4 10.1 11.8 5.5
40095 2088 79.2 17.1 31.3 24.1
40096 1823 82.2 15 30.6 31
40097 1417 57.5 15.1 21.6 16.5
40099 1967 63 17.2 23.3 17.5
40100 2011 76.8 16.3 28.5 26.6
40101 858 22.6 6 7.6 7.3
40102 2163 95 19.8 35.1 34.3
40103 2152 58.8 12.9 21.8 19.7
40106 2505 93 17.2 36.6 32
40107 2214 93.5 24.4 36.6 26.2
40108 1411 46 11.9 17.4 12.8
40109 1485 35.9 9.3 11.8 11.2
40110 1291 42.7 11.4 16.1 11.3
40111 2826 120.5 21.5 40.8 50
40112 2386 71.5 13.7 27.2 24.7
40114 2545 74.1 19.6 28.3 20.3
40115 1845 66 15.1 24.8 21.2
40116 2059 70.5 18.5 28.4 18.2
40117 2569 119.6 27.3 45.2 38.6
40118 2088 65.8 21.4 26 13.2
40119 1386 37.7 7.3 13.2 13.5
40120 3129 102.1 20.1 39.7 33.4
40121 1972 84.1 14.8 31.1 31.9
40122 1757 84.4 18.5 35.1 25.2
40123 2477 109.9 23.2 40.5 38.7
40124 1916 69.6 16.7 26.7 20.5
40126 1678 71.3 14 27.2 24.8
40127 1811 69.9 19.8 26.6 18.6
40128 1358 52.7 12.5 20.2 16.4
40129 1556 45 10.4 14.1 17.1
40131 1340 63.4 10.3 26.8 23.1
40132 958 27.1 7 10.3 7.6
40133 2057 50.4 15.3 19 11.7
40134 2009 78 12.5 34.9 24.9
40136 1841 50.1 10.2 19 16.8
40138 3061 70.6 16.6 23.3 22.9
40139 1561 47.4 11.1 17.6 14.9
40140 1793 17 5 6.5 3.1
40141 1671 63.9 15.6 22.1 21.9
40142 2208 61.1 13.7 21.3 21.8
40143 1560 74.1 20.8 26.7 21.3
40144 1707 57.4 8.5 16.4 28.3
40145 1813 62.6 18.6 21.8 17.1
40146 2506 103 29.4 43.8 23.2
40147 2051 59.4 13 20.6 21.3
40148 1837 58 10.2 21 21.9
40150 1799 41.4 14.3 16.4 6.4
40151 2034 70.6 15.1 26.8 23.5
40152 1610 67 19.7 22.7 20.2
40153 1464 31.8 13.1 10.9 4.6
40154 1768 51.4 10.4 19.7 17.3
40155 1638 50.2 10.7 19.8 16.2
40156 1282 48 10.9 17.7 15.7
40157 1617 67.7 18.5 25 19.6
40158 2162 62.2 14.3 25.5 18.1
40159 1379 45 6 16.3 19.2
40161 2078 65.9 19.9 23.7 17
40162 1941 88.8 15.8 34.2 31.7
40163 1689 56.2 12.6 21.9 17.4
40164 1908 67 18.6 25.1 18.6
40165 1863 59.3 11.4 22.2 21.2
40166 2062 58.2 17.5 19.6 16
40168 1351 32.6 7.4 10.5 11.5
40169 862 12.7 3.7 4.5 3.1
40170 1500 43.4 8.8 17.7 13.6
40171 2271 108.3 26.1 41.2 32.7
40173 868 30.2 6.8 11.2 10.1
40174 2116 72.2 15.2 24.2 27.9
40175 1004 34.2 8.7 13.7 8.9
40177 1816 59.1 19.1 20.2 15.2
40178 2085 92.6 19.5 30.7 36.1
40180 1865 75.5 15.1 30.6 23.3
40181 1354 47.3 9.9 16.5 16.6
40182 1814 62.5 14.4 21.5 21.2
40183 1202 28.6 5.4 10.3 10.3
40184 1978 48.7 15.4 17.3 11.9
40185 1692 46.9 11.5 17.7 14
40186 1855 58.3 16.4 24.7 12.9
40187 2155 59.3 13.1 21.1 20.6
